run0,run1,run2,run3,run4,run5,run6,run7,run8,run9
-74.01974,-75.45339,-43.42663,-78.336876,-90.7028,-73.35255,-65.734695,-88.04577,-59.902157,-53.43235
-80.33928,-73.52958,-35.770847,-76.17081,-91.24306,nan,-71.64135,-74.13783,-65.72513,-43.464127
-73.73899,-71.864845,-35.747158,-74.5471,-91.20206,nan,-72.29062,-74.753174,-47.956154,-39.945866
-73.80603,-67.31925,-35.756733,-74.506355,-91.07955,nan,-72.89471,-72.1325,-46.68457,-38.31866
-73.791,-49.816765,-36.156837,-74.51162,-90.88534,nan,-73.13962,-74.26586,-45.387844,-38.477978
-73.788025,-44.551174,-36.02812,-74.55529,-91.06804,nan,-73.1285,-76.09225,-42.914825,-38.259434
-73.79941,-41.419277,-36.40365,-74.34239,-91.152176,nan,-73.2002,-71.888054,-41.699142,-38.593845
-73.78525,-39.96793,-35.654224,-74.119156,-90.98648,nan,-72.97186,-70.36494,-41.137512,-38.352493
-73.80557,-37.4182,-35.68399,-74.221504,-90.95002,nan,-73.20777,-70.78259,-40.99194,-37.939655
-73.798454,-37.166656,-35.73675,-74.33652,-90.77955,nan,-73.31058,-68.03073,-40.53257,-37.704784
-73.8012,-37.121525,-35.706837,-74.30936,-90.06599,nan,-73.17602,-68.62562,-40.192406,-37.35826
-73.787125,-37.08767,-35.67854,-74.29206,-85.50292,nan,-73.20995,-67.966995,-39.820366,-37.098083
-73.783195,-36.894886,-35.71803,-74.253555,-82.48561,nan,-73.28641,-67.53741,-39.610336,-37.079697
-73.77656,-36.782875,-35.657467,-74.22167,-70.86403,nan,-73.31416,-64.027626,-39.26387,-37.124462
-73.78319,-36.703625,-35.683365,-74.151955,-72.31389,nan,-73.282234,-62.130714,-39.090942,-37.00224
-73.79379,-36.62643,-35.637062,-74.05231,-67.17016,nan,-73.26802,-64.04626,-38.61258,-36.915833
-73.792984,-36.559444,-35.68115,-74.06088,-64.59501,nan,-73.31503,-62.32411,-38.411385,-36.593258
-73.793365,-36.605156,-35.717743,-74.02612,-61.187283,nan,-73.30005,-57.763596,-38.13309,-36.548885
-73.800186,-36.377285,-35.634434,-73.97129,-59.89557,nan,-73.0908,-56.51825,-38.135883,-36.453976
-73.79569,-36.222775,-35.65661,-73.97333,-58.746197,nan,-72.641685,-54.586136,-38.031742,-36.368874
-73.80758,-36.197594,-35.5948,-73.97923,-58.368187,nan,-72.49664,-53.214806,-37.791996,-36.29954
-73.79564,-36.149704,-35.670437,-73.966705,-58.24981,nan,-72.65182,-52.727135,-37.607983,-36.266365
-73.78305,-36.128197,-35.656193,-73.97901,-58.176662,nan,-72.270065,-52.079624,-37.521755,-36.19871
-73.78929,-36.092045,-35.65905,-74.05958,-57.27866,nan,-71.43249,-51.70747,-37.446564,-36.140438
-73.809235,-36.054306,-35.62886,-74.068504,-56.863354,nan,-70.95984,-49.5586,-37.306797,-36.153183
-73.79219,-35.99672,-35.628563,-74.08174,-56.044075,nan,-68.9634,-47.375984,-37.299984,-36.190155
-73.78493,-35.994884,-35.65063,-74.093185,-56.602444,nan,-66.37105,-44.328365,-37.426975,-36.15925
-73.793015,-35.987125,-35.601116,-74.09497,-56.497356,nan,-68.859634,-42.259914,-37.578556,-36.133156
-73.80383,-35.945107,-35.60686,-74.07981,-56.56106,nan,-62.781376,-40.91111,-37.50957,-36.124348
-73.81663,-35.924572,-35.589855,-74.141815,-55.26289,nan,-67.49851,-40.255493,-37.405094,-36.076397
-73.79651,-35.93894,-35.642906,-74.04786,-54.319344,nan,-60.312992,-39.686977,-37.288795,-36.035923
-73.79935,-35.895176,-35.659096,-74.20803,-54.101337,nan,-59.51446,-39.34742,-37.282978,-36.053493
-73.80383,-35.967598,-35.673943,-74.078125,-53.94782,nan,-59.00465,-38.946564,-37.169697,-36.02622
-73.81297,-35.934734,-35.68757,-73.96128,-53.358837,nan,-58.528877,-38.789543,-37.006477,-36.0111
-73.79473,-35.90882,-35.668335,-73.958206,-52.73743,nan,-57.06968,-38.82977,-36.941532,-35.98577
-73.79363,-35.908108,-35.699646,-73.92208,-52.118935,nan,-56.670994,-38.44102,-36.72197,-35.952408
-73.78153,-35.93096,-35.688583,-73.901184,-51.81182,nan,-56.047153,-38.27543,-36.692562,-35.930424
-73.77591,-35.869156,-35.663345,-73.91747,-51.485256,nan,-55.06269,-38.144543,-36.59255,-35.90792
-73.79433,-35.859596,-35.688805,-73.87519,-51.01499,nan,-53.356945,-38.007397,-36.467384,-35.92248
-73.794174,-35.929993,-35.685818,-73.87,-50.68,nan,-53.223564,-37.80215,-36.396942,-35.890594
-73.78895,-35.878853,-35.666153,-73.88339,-50.281017,nan,-51.937435,-37.647545,-36.274563,-35.92288
-73.79878,-35.822,-35.66207,-73.88842,-50.06471,nan,-51.09831,-37.667744,-36.264206,-35.86583
-73.77322,-35.839382,-35.697342,-73.8788,-50.03061,nan,-49.97075,-37.514313,-36.261395,-35.845665
-73.78844,-35.839237,-35.68657,-73.88712,-49.901546,nan,-49.09364,-37.480186,-36.292492,-35.85874
-73.79039,-35.81596,-35.660156,-73.9085,-49.659348,nan,-49.9488,-37.364113,-36.204357,-35.84935
-73.7957,-35.865475,-35.658714,-73.922905,-49.747993,nan,-48.88042,-37.2339,-36.214413,-35.837276
-73.791626,-35.8189,-35.673542,-73.97634,-49.251293,nan,-47.80858,-37.160046,-36.274944,-35.844
-73.788315,-35.817738,-35.661266,-73.95815,-49.15523,nan,-47.09308,-37.17594,-36.20177,-35.81629
-73.79276,-35.82012,-35.665077,-73.98624,-49.038605,nan,-46.523132,-37.115696,-36.167492,-35.859314
-73.810234,-35.825016,-35.659584,-73.92811,-48.968063,nan,-46.34871,-37.09905,-36.185825,-35.84375
-73.790565,-35.831642,-35.645393,-73.91428,-48.743336,nan,-46.024666,-36.94692,-36.14032,-35.826397
-73.797195,-35.797215,-35.68441,-73.89945,-48.69323,nan,-39.289837,-36.912872,-36.09293,-35.787914
-73.79881,-35.795773,-35.640396,-73.90309,-48.664288,nan,-37.7909,-36.87507,-36.03568,-35.802376
-73.796906,-35.786915,-35.64342,-73.919846,-48.563892,nan,-36.342186,-36.78,-36.029022,-35.815735
-73.79211,-35.828335,-35.635483,-73.96473,-48.47093,nan,-35.765675,-36.755432,-35.989674,-35.791515
-73.79406,-35.782974,-35.673775,-73.93711,-48.47233,nan,-35.470203,-36.58804,-35.95585,-35.792156
-73.80028,-35.783295,-35.639935,-73.91367,-48.45595,nan,-35.06244,-36.66085,-35.949005,-35.775875
-73.79418,-35.75523,-35.63774,-73.9884,-48.30675,nan,-34.93369,-36.566525,-35.977764,-35.76459
-73.78635,-35.771614,-35.630337,-73.97411,-48.424755,nan,-34.81947,-36.50128,-35.95389,-35.7527
-73.78675,-35.7705,-35.67307,-73.9705,-48.35299,nan,-34.68958,-36.40196,-35.916943,-35.775085
-73.7936,-35.79118,-35.646645,-74.10171,-48.234013,nan,-34.58414,-36.3088,-35.943523,-35.758976
-73.79662,-35.78363,-35.65447,-74.26958,-48.042118,nan,-34.55058,-36.306847,-35.916977,-35.78332
-73.77822,-35.794224,-35.626976,-74.022514,-48.040398,nan,-34.641098,-36.281433,-35.910976,-35.768227
-73.80048,-35.801014,-35.619858,-74.02289,-47.982876,nan,-34.477257,-36.237587,-35.91561,-35.764736
-73.790245,-35.744995,-35.626812,-74.0677,-47.88812,nan,-34.408707,-36.245445,-35.91554,-35.758305
-73.78536,-35.79986,-35.618523,-74.09615,-47.891533,nan,-34.543404,-36.225437,-35.87909,-35.752007
-73.80141,-35.776306,-35.612995,-74.073326,-47.874718,nan,-34.27189,-36.15428,-35.880566,-35.764427
-73.789406,-35.7479,-35.60836,-74.0803,-48.11356,nan,-34.220715,-36.149994,-35.89131,-35.768936
-73.79942,-35.75471,-35.61586,-74.14899,-48.86318,nan,-34.275867,-36.130566,-35.866085,-35.732746
-73.77906,-35.736835,-35.640297,-74.059685,-48.677586,nan,-34.373528,-36.048466,-35.835556,-35.7517
-73.79806,-35.751793,-35.677696,-74.048775,-47.960155,nan,-34.441338,-36.04404,-35.85187,-35.766552
-73.790985,-35.76016,-35.637314,-74.03533,-47.680477,nan,-34.192173,-36.008907,-35.84694,-35.75024
-73.791275,-35.74851,-35.70629,-74.10689,-47.56971,nan,-34.168484,-35.979397,-35.867077,-35.770866
-73.80594,-35.782467,-35.715702,-74.22559,-47.578117,nan,-34.080868,-35.9536,-35.86177,-35.75101
-73.78809,-35.744514,-35.737095,-74.51775,-47.598545,nan,-34.048523,-35.92395,-35.884377,-35.754585
-73.79343,-35.751827,-35.72874,-75.05164,-47.470264,nan,-33.90382,-35.951645,-35.868103,-35.775375
-73.79397,-35.74507,-35.719078,-74.19862,-47.60861,nan,-33.918724,-35.86844,-35.856697,-35.787476
-73.78191,-35.736694,-35.752014,-74.12391,-47.43521,nan,-33.87765,-35.873135,-35.821377,-35.72857
-73.78124,-35.74306,-35.748745,-74.09509,-47.604397,nan,-34.116634,-35.86756,-35.79261,-35.75819
-73.78789,-35.7574,-35.759342,-74.01537,-47.381954,nan,-33.893658,-35.86334,-35.80799,-35.741135
-73.80645,-35.745647,-35.735687,-74.04915,-47.344913,nan,-33.97235,-35.85942,-35.81166,-35.747868
-73.77519,-35.744785,-35.68756,-74.02141,-47.293686,nan,-33.806652,-35.8379,-35.775352,-35.785038
-73.78698,-35.726913,-35.708866,-74.087906,-47.22332,nan,-33.81998,-35.838932,-35.787243,-35.73497
-73.790535,-35.757233,-35.71619,-74.05954,-47.266182,nan,-33.85758,-35.823605,-35.77952,-35.75635
-73.77413,-35.73309,-35.69036,-74.0602,-47.239563,nan,-34.29311,-35.8273,-35.778202,-35.746414
-73.78669,-35.782925,-35.69317,-74.08859,-47.320103,nan,-33.97853,-35.821823,-35.80812,-35.72352
-73.805756,-35.72165,-35.69964,-74.237564,-48.208378,nan,-34.280983,-35.822968,-35.756138,-35.745575
-73.78435,-35.73223,-35.71515,-74.07454,-47.50614,nan,-34.457153,-35.83347,-35.8015,-35.724503
-73.77819,-35.723846,-35.683445,-74.11199,-47.620117,nan,-34.618217,-35.781414,-35.78578,-35.741615
-73.80114,-35.710716,-35.66532,-74.06955,-47.313484,nan,-33.652843,-35.80554,-35.76949,-35.763546
-73.804436,-35.731663,-35.61689,-73.9522,-47.10628,nan,-33.622,-35.81528,-35.807106,-35.748398
-73.78263,-35.70546,-35.63437,-73.977,-47.19692,nan,-33.59319,-35.792587,-35.75688,-35.731743
-73.791046,-35.73229,-35.706085,-73.996895,-47.393265,nan,-33.639,-35.78503,-35.782127,-35.73316
-73.78165,-35.711918,-35.740772,-73.968376,-47.07249,nan,-33.709583,-35.774326,-35.7393,-35.78935
-73.7875,-35.741226,-35.72098,-73.97005,-47.725754,nan,-34.045,-35.782413,-35.765087,-35.7432
-73.79037,-35.72883,-35.69547,-73.922134,-47.140877,nan,-34.531242,-35.79299,-35.74725,-35.75164
-73.78987,-35.735218,-35.70256,-73.92912,-47.03711,nan,-34.042088,-35.769855,-35.73093,-35.725693
-73.77974,-35.718655,-35.690742,-73.9473,-47.069153,nan,-34.86561,-35.777584,-35.744118,-35.706585
-73.80388,-35.68043,-35.70322,-73.98822,-47.059353,nan,-33.57016,-35.804134,-35.75673,-35.72382
-73.79554,-35.748837,-35.65197,-73.98574,-47.043015,nan,-33.624794,-35.80543,-35.744095,-35.713413
-73.78894,-35.69896,-35.646973,-73.97591,-46.97361,nan,-33.526978,-35.788883,-35.751953,-35.75168
-73.79594,-35.704483,-35.65947,-74.019035,-46.9323,nan,-33.545525,-35.78079,-35.72886,-35.727936
-73.797844,-35.75846,-35.60011,-73.991394,-47.00614,nan,-33.53737,-35.779015,-35.728153,-35.750042
-73.79732,-35.72581,-35.653175,-74.03626,-46.85378,nan,-33.876015,-35.759567,-35.77439,-35.731815
-73.79369,-35.686897,-35.720707,-74.03091,-46.95121,nan,-33.570446,-35.77006,-35.748234,-35.728817
-73.79146,-35.679333,-35.712605,-74.02622,-46.870148,nan,-33.48343,-35.761276,-35.763,-35.742195
-73.778755,-35.64629,-35.704937,-74.07314,-46.96632,nan,-33.67476,-35.794647,-35.73262,-35.76622
-73.79416,-35.631866,-35.70097,-74.28831,-46.293835,nan,-33.507595,-35.745533,-35.738155,-35.761562
-73.79783,-35.617897,-35.673107,-74.82199,-43.48322,nan,-33.798065,-35.76667,-35.741024,-35.714912
-73.78013,-35.52914,-35.69444,-74.70754,-38.597515,nan,-33.580032,-35.75178,-35.700138,-35.754696
-73.79607,-35.13372,-35.718704,-74.78408,-38.201447,nan,-34.10435,-35.76833,-35.734844,-35.72571
-73.79477,-32.89386,-35.72471,-74.47395,-37.776,nan,-34.402187,-35.765686,-35.74556,-35.732727
-73.79371,-32.369034,-35.725853,-74.21998,-37.22775,nan,-35.111004,-35.757484,-35.66764,-35.72484
-73.78911,-32.230778,-35.71207,-74.16164,-36.934875,nan,-33.90746,-35.77086,-35.148273,-35.753227
-73.790344,-33.324158,-35.708347,-74.15578,-36.858234,nan,-34.50386,-35.780952,-33.944897,-35.751625
-73.79483,-32.38777,-35.716156,-74.04302,-36.67909,nan,-34.85721,-35.76896,-35.344906,-35.75336
-73.79555,-33.561455,-35.715565,-74.077286,-36.56006,nan,-33.46389,-35.77263,-33.881573,-35.741684
-73.78472,-32.65417,-35.66775,-74.058365,-36.437065,nan,-33.464287,-35.76025,-35.00467,-35.724205
-73.7801,-33.233673,-35.646236,-74.11119,-36.30608,nan,-33.55017,-35.739414,-35.417217,-35.774483
-73.79474,-32.308662,-35.645912,-74.05922,-36.297325,nan,-33.542667,-35.723377,-35.302444,-35.73438
-73.79161,-32.501827,-35.633064,-74.07299,-36.25439,nan,-33.58874,-35.758125,-34.334126,-35.751797
-73.79668,-32.1879,-35.614975,-74.07983,-36.230324,nan,-33.684273,-35.74684,-35.29321,-35.75126
-73.79227,-32.307526,-35.681736,-74.2244,-36.190365,nan,-34.33719,-35.710865,-35.36431,-35.775707
-73.7947,-32.43625,-35.654827,-74.15206,-36.195465,nan,-34.599525,-35.706818,-35.21781,-35.712997
-73.79555,-31.964169,-35.656235,-74.26706,-36.158524,nan,-33.70715,-35.77788,-35.162148,-35.73625
-73.78784,-32.221962,-35.70951,-74.644844,-36.070683,nan,-33.80456,-35.74003,-34.61232,-35.738945
-73.784096,-32.654205,-35.664642,-74.64865,-36.042084,nan,-33.68138,-35.754986,-33.864624,-35.755833
-73.79206,-32.11212,-35.7095,-74.13634,-35.984642,nan,-34.463818,-35.725616,-33.919,-35.754787
-73.78958,-32.36122,-35.76175,-74.36414,-36.00085,nan,-33.614094,-35.727196,-34.35729,-35.72493
-73.7885,-31.94185,-35.724766,-75.37457,-35.920296,nan,-33.67329,-35.774406,-34.407516,-35.74214
-73.79416,-32.183987,-35.73817,-75.01936,-35.90356,nan,-33.678078,-35.778355,-33.885765,-35.7481
-73.7917,-32.347,-35.72833,-76.313736,-35.89422,nan,-33.91671,-35.75996,-34.03731,-35.750084
-73.80955,-32.273666,-35.738594,-74.35813,-35.835567,nan,-33.479694,-35.766064,-33.93457,-35.7373
-73.78277,-32.165993,-35.72271,-74.15806,-35.83751,nan,-33.40779,-35.77346,-33.9243,-35.75631
-73.787186,-31.885695,-35.698215,-74.32646,-35.839962,nan,-33.367004,-35.749565,-34.049896,-35.741875
-73.78432,-31.876253,-35.672516,-74.27838,-35.835403,nan,-33.38253,-35.747517,-34.30796,-35.756897
-73.7885,-31.887903,-35.683468,-74.098015,-35.808594,nan,-33.407265,-35.749146,-34.42649,-35.75531
-73.79456,-31.857553,-35.661354,-74.1225,-35.818375,nan,-33.53444,-35.751984,-34.05676,-35.727146
-73.79372,-31.96102,-35.692738,-74.12678,-35.78071,nan,-33.62372,-35.752037,-33.895943,-35.736885
-73.78003,-32.05289,-35.787567,-74.1252,-35.75292,nan,-33.40945,-35.760426,-33.950077,-35.757206
-73.77858,-32.340237,-35.69813,-74.19263,-35.79489,nan,-33.77697,-35.73605,-34.016644,-35.74395
-73.805336,-32.304066,-35.7142,-74.596954,-35.815506,nan,-33.8582,-35.731506,-34.04084,-35.750774
-73.80791,-32.959633,-35.70578,-74.4518,-35.77909,nan,-34.40618,-35.73257,-34.217377,-35.744625
-73.7929,-33.04693,-35.70313,-74.1239,-35.75946,nan,-33.333187,-35.723785,-33.86903,-35.73764
-73.78421,-32.101723,-35.687912,-74.17438,-35.789272,nan,-33.31346,-35.778336,-33.857944,-35.731503
-73.79101,-31.899727,-35.68714,-74.1934,-35.763393,nan,-33.368015,-35.754105,-33.90025,-35.76965
-73.7848,-32.04469,-35.67394,-74.2362,-35.768864,nan,-33.272327,-35.745224,-34.059223,-35.721874
-73.78877,-31.87189,-35.730278,-74.42313,-35.76579,nan,-33.380596,-35.754116,-34.252525,-35.72215
-73.78287,-31.948462,-35.669926,-74.160126,-35.775154,nan,-33.277954,-35.782337,-34.38,-35.718334
-73.770226,-31.911764,-35.68493,-74.02637,-35.77761,nan,-33.25534,-35.741955,-34.94022,-35.711723
-73.803185,-32.0402,-35.704975,-74.02594,-35.7501,nan,-33.381252,-35.737812,-34.031002,-35.713894
-73.78641,-32.166737,-35.69746,-73.95848,-35.777172,nan,-33.566853,-35.746265,-33.88728,-35.735336
-73.78847,-31.897732,-35.679672,-73.9531,-35.76324,nan,-34.41436,-35.754272,-33.864006,-35.749447
-73.79658,-31.900082,-35.702946,-73.90491,-35.726067,nan,-33.442078,-35.758537,-33.88003,-35.702084
-73.77547,-32.011856,-35.699623,-73.923294,-35.74562,nan,-33.307987,-35.78169,-33.931408,-35.72223
-73.78412,-32.772057,-35.696243,-73.92968,-35.718727,nan,-33.252018,-35.72093,-33.840908,-35.746624
-73.79195,-33.567,-35.729797,-73.91247,-35.767235,nan,-33.23532,-35.72947,-34.639908,-35.6945
-73.78792,-33.052685,-35.750717,-73.891136,-35.719017,nan,-33.23699,-35.78687,-33.778244,-35.726673
-73.8004,-32.251923,-35.74804,-73.911415,-35.749313,nan,-33.21128,-35.71402,-33.88113,-35.712532
-73.798065,-31.880903,-35.704914,-73.89584,-35.76925,nan,-33.466705,-35.774086,-34.001022,-35.73557
-73.794426,-31.872946,-35.727116,-73.92002,-35.760338,nan,-33.24233,-35.72968,-33.95168,-35.72118
-73.79391,-31.90695,-35.738224,-73.92417,-35.703087,nan,-33.21301,-35.770046,-34.364414,-35.747078
-73.79278,-31.772707,-35.65832,-73.93848,-35.74205,nan,-33.210125,-35.731915,-34.53946,-35.759632
-73.79761,-31.827528,-35.66706,-73.985916,-35.751324,nan,-33.262142,-35.76229,-33.85275,-35.73017
-73.79217,-31.911345,-35.628212,-74.04828,-35.736195,nan,-34.203354,-35.76075,-33.84989,-35.748436
-73.78656,-31.813524,-35.65426,-74.1134,-35.726574,nan,-34.393,-35.763218,-33.90942,-35.71651
-73.79037,-31.829876,-35.72668,-73.996216,-35.71636,nan,-33.84485,-35.770252,-33.95882,-35.74599
-73.78586,-31.883598,-35.735935,-73.96683,-35.729885,nan,-33.3019,-35.76006,-34.24593,-35.766525
-73.78171,-31.902689,-35.690834,-74.0024,-35.752914,nan,-33.293434,-35.72517,-34.169765,-35.73052
-73.7931,-31.812828,-35.7224,-74.03825,-35.767868,nan,-33.252514,-35.742172,-34.93414,-35.783806
-73.79309,-31.886763,-35.69146,-74.001205,-35.71638,nan,-33.515778,-35.734726,-34.20903,-35.740273
-73.78983,-31.993275,-35.718014,-74.00536,-35.74824,nan,-33.247234,-35.726116,-33.858814,-35.760845
-73.79131,-33.82522,-35.625168,-73.91236,-35.71514,nan,-33.20657,-35.740047,-33.913795,-35.7378
-73.79816,-32.99225,-35.674377,-73.934044,-35.711853,nan,-33.14055,-35.708405,-34.59166,-35.71677
-73.79231,-31.84215,-35.70627,-73.93504,-35.715687,nan,-33.20061,-35.74236,-33.861336,-35.757618
-73.79621,-31.778051,-35.706738,-73.89514,-35.72175,nan,-33.348766,-35.704445,-33.825867,-35.73621
-73.79525,-31.760485,-35.72631,-73.909706,-35.722424,nan,-33.284985,-35.76446,-34.326668,-35.750053
-73.786835,-31.753094,-35.727093,-73.92359,-35.70385,nan,-33.442093,-35.7416,-33.922184,-35.7469
-73.79152,-31.77012,-35.710487,-73.878784,-35.71711,nan,-33.240932,-35.714294,-34.70561,-35.734158
-73.796646,-31.73578,-35.70691,-73.85309,-35.697197,nan,-33.17862,-35.767975,-34.354744,-35.736744
-73.78317,-31.770828,-35.667995,-73.84839,-35.69475,nan,-33.201397,-35.76586,-34.415627,-35.734253
-73.797104,-31.798586,-35.682663,-73.8408,-35.71682,nan,-33.26686,-35.7433,-34.08641,-35.735706
-73.78903,-31.76704,-35.67895,-73.82997,-35.72226,nan,-33.1704,-35.72682,-33.97861,-35.77694
-73.78792,-31.78255,-35.687763,-73.8362,-35.732227,nan,-33.173313,-35.739574,-34.037327,-35.725002
-73.78656,-31.81702,-35.68555,-73.816635,-35.721455,nan,-33.33446,-35.766945,-33.909126,-35.734932
-73.783714,-32.3122,-35.698296,-73.81159,-35.69215,nan,-33.529285,-35.730476,-33.91168,-35.703743
-73.789986,-31.960539,-35.674126,-73.8191,-35.686024,nan,-33.641376,-35.750816,-34.723465,-35.7215
-73.80898,-31.85368,-35.65713,-73.82347,-35.687325,nan,-34.160835,-35.72777,-34.618454,-35.732197
-73.79231,-32.025154,-35.71538,-73.83777,-35.681602,nan,-33.31871,-35.716232,-33.911106,-35.744625
-73.80275,-31.771368,-36.91942,-73.84569,-35.67655,nan,-33.135002,-35.76082,-33.865356,-35.795147
-73.79025,-31.797329,-35.790684,-73.844925,-35.663734,nan,-33.152138,-35.738922,-33.920837,-35.73714
-73.79105,-31.83373,-35.65983,-73.81542,-35.632984,nan,-33.225834,-35.764416,-34.233368,-35.77389
-73.79031,-31.756998,-35.634346,-73.84577,-35.628273,nan,-33.208984,-35.761883,-34.624428,-35.733955
-73.790054,-31.78216,-35.656216,-73.85584,-35.54483,nan,-33.331238,-35.70598,-33.87354,-35.713726
-73.79334,-31.834715,-35.644875,-73.89324,-35.560814,nan,-33.277523,-35.75273,-33.945072,-35.748184
-73.79058,-32.573322,-35.628944,-73.91744,-35.227165,nan,-33.24668,-35.73278,-33.84629,-35.749718
-73.80349,-32.101868,-35.645683,-73.846924,-34.381927,nan,-33.374912,-35.752872,-34.14436,-35.724594
-73.79625,-32.885048,-35.676243,-73.86535,-34.754807,nan,-33.615047,-35.732384,-34.535637,-35.75864
-73.789764,-32.292107,-35.626804,-73.855606,-34.184,nan,-33.456573,-35.737133,-33.877956,-35.73011
-73.793205,-32.74935,-35.644844,-73.88854,-32.895462,nan,-33.44196,-35.7193,-34.02657,-35.75829
