run0,run1,run2,run3,run4,run5,run6,run7,run8,run9
-64.435356,-59.345955,-55.32246,-59.747066,-56.795647,-70.36681,-71.04981,-64.435356,-70.66867,-66.71058
nan,-59.171173,-51.111874,-61.31848,-51.797398,-59.759136,-71.06435,nan,nan,-68.79613
nan,-59.17732,-49.43956,-61.89035,-48.622696,-66.420555,-71.08006,nan,nan,-70.67064
nan,-59.1605,-47.657597,-59.06351,-48.646767,-68.884636,-71.07811,nan,nan,-68.2688
nan,-59.173687,-47.52893,-59.70968,-47.828846,-60.83486,-71.07326,nan,nan,-67.43002
nan,-59.163506,-46.89369,-58.640366,-47.258945,-49.51215,-71.06873,nan,nan,-66.048935
nan,-59.173286,-46.39316,-57.55697,-47.381218,-49.058727,-71.05136,nan,nan,-67.54537
nan,-59.15691,-45.84938,-57.501453,-46.707752,-48.62894,-71.06147,nan,nan,-69.72026
nan,-59.16634,-45.516697,-57.533844,-46.965782,-48.46336,-71.06776,nan,nan,-66.76203
nan,-59.149033,-45.49998,-59.078094,-46.769024,-48.201233,-71.07033,nan,nan,-66.116844
nan,-59.141323,-45.439007,-58.234463,-47.087795,-48.428936,-71.073135,nan,nan,-65.192604
nan,-59.135883,-45.487522,-56.842453,-47.283554,-48.05109,-71.066376,nan,nan,-64.90655
nan,-59.160492,-45.41675,-55.817314,-47.178993,-48.063828,-71.06259,nan,nan,-65.19256
nan,-59.159046,-45.455563,-55.536594,-47.14292,-47.842262,-71.06653,nan,nan,-65.401
nan,-59.12857,-45.36836,-54.951305,-46.86489,-47.764343,-71.06226,nan,nan,-65.824875
nan,-59.14351,-45.35436,-54.71035,-46.81127,-47.699467,-71.07549,nan,nan,-65.81887
nan,-59.15586,-45.313305,-53.874092,-46.396805,-47.656757,-71.07161,nan,nan,-65.10462
nan,-59.153126,-45.298065,-53.47721,-46.28736,-47.220287,-71.07779,nan,nan,-64.85827
nan,-59.150158,-45.268913,-52.944317,-46.04652,-47.20758,-71.07158,nan,nan,-64.3248
nan,-59.146824,-45.18142,-52.968525,-45.857906,-46.902187,-71.0673,nan,nan,-64.05849
nan,-59.169556,-45.1602,-51.54238,-45.577374,-46.83982,-71.07822,nan,nan,-64.09068
nan,-59.168854,-45.15487,-50.578285,-45.590393,-46.67554,-71.06135,nan,nan,-63.87333
nan,-59.1586,-45.132053,-50.49201,-45.50876,-46.581516,-71.06764,nan,nan,-63.889217
nan,-59.150608,-45.08918,-49.49582,-45.36835,-46.332203,-71.06464,nan,nan,-63.2552
nan,-59.148808,-45.09631,-48.910694,-45.400238,-46.22835,-71.06343,nan,nan,-63.094734
nan,-59.140743,-45.07094,-48.308807,-45.375008,-46.12536,-71.0695,nan,nan,-62.912586
nan,-59.15815,-45.059666,-48.035065,-45.42732,-46.00801,-71.06904,nan,nan,-62.523712
nan,-59.168552,-44.999924,-48.201973,-45.388367,-45.978836,-71.06516,nan,nan,-62.725754
nan,-59.1383,-44.9871,-48.38645,-45.435917,-45.92914,-71.067894,nan,nan,-62.954414
nan,-59.142197,-44.95721,-48.597496,-45.3209,-45.852985,-71.05291,nan,nan,-62.81587
nan,-59.148796,-44.953697,-48.560368,-45.38276,-45.802135,-71.0736,nan,nan,-62.339775
nan,-59.14315,-44.927155,-48.53371,-45.37403,-45.782825,-71.061295,nan,nan,-62.06737
nan,-59.15335,-44.917732,-48.20065,-45.296124,-45.758533,-71.0577,nan,nan,-61.94788
nan,-59.162823,-44.920074,-47.852146,-45.236126,-45.738297,-71.051605,nan,nan,-61.92444
nan,-59.145897,-44.868256,-47.682476,-45.3624,-45.635666,-71.03152,nan,nan,-61.467514
nan,-59.140408,-44.865665,-47.79782,-45.209587,-45.651985,-71.05028,nan,nan,-61.22979
nan,-59.15455,-44.88818,-47.662003,-45.202095,-45.546837,-71.06858,nan,nan,-61.66147
nan,-59.142258,-44.883263,-47.333405,-45.136257,-45.474625,-71.0543,nan,nan,-61.316013
nan,-59.133953,-44.877598,-47.261147,-45.102962,-45.422703,-71.03783,nan,nan,-61.00954
nan,-59.13139,-44.865665,-47.173985,-45.07892,-45.425377,-70.99897,nan,nan,-61.003838
nan,-59.148033,-44.87546,-46.710655,-45.052658,-45.393353,-70.93306,nan,nan,-60.969803
nan,-59.158054,-44.906857,-46.498672,-45.05365,-45.38072,-70.852066,nan,nan,-60.79583
nan,-59.15968,-44.90321,-46.359993,-45.099625,-45.392265,-70.66512,nan,nan,-60.671173
nan,-59.15006,-44.85548,-46.216827,-45.10163,-45.401516,-70.52341,nan,nan,-60.538986
nan,-59.145626,-44.88213,-46.26337,-45.047127,-45.381317,-69.65102,nan,nan,-60.705185
nan,-59.154213,-44.839718,-46.324944,-45.05913,-45.314537,-63.69957,nan,nan,-60.724514
nan,-59.142124,-44.869102,-46.28214,-45.054825,-45.29766,-69.41402,nan,nan,-60.556313
nan,-59.137905,-44.864513,-46.069145,-45.002342,-45.23281,-70.16924,nan,nan,-60.472633
nan,-59.14951,-44.845173,-46.012447,-44.99517,-45.209373,-70.302765,nan,nan,-60.49449
nan,-59.16793,-44.85314,-45.84347,-44.9674,-45.15169,-70.35829,nan,nan,-60.56011
nan,-59.140076,-44.848362,-45.81721,-44.99987,-45.16129,-70.362785,nan,nan,-60.56797
nan,-59.159527,-44.833786,-45.75235,-44.93593,-45.16327,-70.27688,nan,nan,-60.599094
nan,-59.137035,-44.85491,-45.713078,-44.954308,-45.121468,-70.004364,nan,nan,-60.641666
nan,-59.149666,-44.86226,-45.664948,-44.933517,-45.08798,-70.439224,nan,nan,-60.521152
nan,-59.141434,-44.82664,-45.61864,-44.905136,-45.09121,-70.52613,nan,nan,-60.2166
nan,-59.1338,-44.828793,-45.617348,-44.884598,-45.085583,-70.55347,nan,nan,-60.186058
nan,-59.15742,-44.852463,-45.58749,-44.873676,-45.038074,-70.470375,nan,nan,-60.097813
nan,-59.14889,-44.862354,-45.543476,-44.86509,-45.034115,-70.30239,nan,nan,-60.105602
nan,-59.142666,-44.80564,-45.48028,-44.84459,-45.02102,-70.184326,nan,nan,-60.09891
nan,-59.157116,-44.804432,-45.422073,-44.876087,-45.004993,-70.12728,nan,nan,-59.934452
nan,-59.137764,-44.810673,-45.415203,-44.885056,-44.97294,-70.319046,nan,nan,-60.025517
nan,-59.13862,-44.834667,-45.39679,-44.85749,-44.98749,-70.479774,nan,nan,-60.082165
nan,-59.142887,-44.812305,-45.38554,-44.857674,-44.952522,-70.61326,nan,nan,-59.866306
nan,-59.14524,-44.838486,-45.350796,-44.827656,-44.941097,-70.67687,nan,nan,-59.85394
nan,-59.154343,-44.800217,-45.313915,-44.815468,-44.948177,-70.60647,nan,nan,-60.070427
nan,-59.155045,-44.779156,-45.266342,-44.840683,-44.904774,-70.646904,nan,nan,-60.203835
nan,-59.1475,-44.780033,-45.31879,-44.83561,-44.932682,-70.637405,nan,nan,-60.246082
nan,-59.146732,-44.8037,-45.267982,-44.823086,-44.91517,-70.65812,nan,nan,-60.495594
nan,-59.1468,-44.80512,-45.209766,-44.801533,-44.91736,-70.63984,nan,nan,-60.273655
nan,-59.153164,-44.80415,-45.21352,-44.839897,-44.8892,-70.57958,nan,nan,-60.4436
nan,-59.157246,-44.802933,-45.19687,-44.78464,-44.927624,-70.40066,nan,nan,-60.378296
nan,-59.156597,-44.81048,-45.212837,-44.8458,-44.8431,-70.54201,nan,nan,-60.325844
nan,-59.141483,-44.799046,-45.229595,-44.84351,-44.887787,-70.45832,nan,nan,-59.974743
nan,-59.142765,-44.75103,-45.231342,-44.794506,-44.86242,-70.570114,nan,nan,-59.785877
nan,-59.13756,-44.791687,-45.25922,-44.829414,-44.848804,-70.71234,nan,nan,-59.68126
nan,-59.161648,-44.775803,-45.22681,-44.816822,-44.849678,-70.771675,nan,nan,-59.662693
nan,-59.153122,-44.79094,-45.227997,-44.808384,-44.855736,-70.770454,nan,nan,-59.61328
nan,-59.155556,-44.81197,-45.183334,-44.81826,-44.887688,-70.78194,nan,nan,-59.59946
nan,-59.14696,-44.787037,-45.198235,-44.777977,-44.855564,-70.79266,nan,nan,-59.56639
nan,-59.16093,-44.798565,-45.204323,-44.828125,-44.843685,-70.76985,nan,nan,-59.554447
nan,-59.147648,-44.77163,-45.149208,-44.794666,-44.872295,-70.76555,nan,nan,-59.560078
nan,-59.136898,-44.806915,-45.235996,-44.786522,-44.869293,-70.81173,nan,nan,-59.518204
nan,-59.147724,-44.761944,-45.143436,-44.79417,-44.849953,-70.80793,nan,nan,-59.517445
nan,-59.135868,-44.765007,-45.122047,-44.801205,-44.81835,-70.8252,nan,nan,-59.568005
nan,-59.151947,-44.764744,-45.09475,-44.81035,-44.842575,-70.80259,nan,nan,-59.4989
nan,-59.153717,-44.762993,-45.104725,-44.78919,-44.846344,-70.78308,nan,nan,-59.523754
nan,-59.166878,-44.77396,-45.0877,-44.78176,-44.83528,-70.7895,nan,nan,-59.416138
nan,-59.14571,-44.75185,-45.049355,-44.804462,-44.83028,-70.81031,nan,nan,-59.48058
nan,-59.146633,-44.786915,-45.02957,-44.790337,-44.837063,-70.82631,nan,nan,-59.449017
nan,-59.144768,-44.784992,-45.04218,-44.77275,-44.831013,-70.80812,nan,nan,-59.43739
nan,-59.151257,-44.768692,-45.053085,-44.763866,-44.830452,-70.79101,nan,nan,-59.42297
nan,-59.150265,-44.795303,-45.03273,-44.784176,-44.815426,-70.80761,nan,nan,-59.362785
nan,-59.141663,-44.7725,-44.990227,-44.790257,-44.830437,-70.76772,nan,nan,-59.35544
nan,-59.15513,-44.751827,-44.954453,-44.75282,-44.81928,-70.72959,nan,nan,-59.369915
nan,-59.146263,-44.779423,-44.945827,-44.78408,-44.80246,-70.77777,nan,nan,-59.308853
nan,-59.145782,-44.786552,-44.95087,-44.789387,-44.784782,-70.72107,nan,nan,-59.33339
nan,-59.164223,-44.7685,-45.006737,-44.784966,-44.826733,-70.6728,nan,nan,-59.303017
nan,-59.15147,-44.752247,-44.965134,-44.771812,-44.79394,-70.56057,nan,nan,-59.282772
nan,-59.143482,-44.777374,-44.91804,-44.7849,-44.812695,-70.47977,nan,nan,-59.284702
nan,-59.14199,-44.777027,-44.93409,-44.777985,-44.829407,-70.47279,nan,nan,-59.27108
nan,-59.14672,-44.73407,-44.90095,-44.760788,-44.803726,-69.532135,nan,nan,-59.28745
nan,-59.148468,-44.75975,-44.909046,-44.781292,-44.800133,-64.06886,nan,nan,-59.310112
nan,-59.15469,-44.77924,-44.876713,-44.769333,-44.78886,-62.329437,nan,nan,-59.302513
nan,-59.149,-44.764626,-44.9138,-44.764767,-44.813736,-62.582985,nan,nan,-59.325024
nan,-59.141525,-44.765224,-44.878197,-44.74077,-44.82298,-62.25157,nan,nan,-59.299595
nan,-59.142124,-44.783787,-44.854866,-44.77147,-44.8255,-62.144196,nan,nan,-59.24581
nan,-59.147717,-44.773773,-44.86871,-44.75624,-44.81089,-62.083626,nan,nan,-59.248257
nan,-59.13458,-44.79041,-44.824387,-44.749706,-44.812122,-62.19169,nan,nan,-59.255447
nan,-59.149677,-44.792583,-44.826954,-44.769615,-44.77096,-62.345554,nan,nan,-59.254284
nan,-59.14958,-44.779587,-44.832508,-44.790848,-44.773182,-62.919796,nan,nan,-59.26869
nan,-59.149525,-44.72673,-44.8012,-44.77144,-44.806522,-63.11732,nan,nan,-59.2575
nan,-59.133667,-44.77647,-44.8395,-44.800236,-44.776375,-63.385517,nan,nan,-59.250618
nan,-59.148575,-44.774853,-44.824623,-44.78901,-44.778366,-63.56818,nan,nan,-59.25321
nan,-59.143616,-44.70882,-44.7986,-44.782867,-44.745384,-63.839245,nan,nan,-59.250267
nan,-59.158394,-44.743217,-44.76784,-44.78454,-44.761623,-63.714016,nan,nan,-59.21714
nan,-59.142128,-44.765266,-44.7951,-44.732796,-44.803852,-63.64046,nan,nan,-59.23782
nan,-59.14055,-44.789944,-44.776814,-44.783108,-44.765396,-63.716908,nan,nan,-59.205288
nan,-59.138016,-44.773056,-44.80768,-44.77005,-44.78387,-63.674904,nan,nan,-59.20004
nan,-59.134132,-44.75787,-44.775673,-44.767727,-44.802822,-63.610714,nan,nan,-59.20896
nan,-59.137344,-44.763237,-44.791645,-44.735245,-44.792892,-63.526806,nan,nan,-59.190365
nan,-59.137478,-44.732433,-44.795517,-44.75629,-44.762833,-63.563065,nan,nan,-59.19274
nan,-59.126377,-44.77713,-44.794636,-44.742397,-44.781197,-63.408016,nan,nan,-59.17367
nan,-59.13604,-44.76636,-44.7976,-44.759705,-44.76901,-63.35118,nan,nan,-59.18664
nan,-59.160126,-44.786472,-44.75999,-44.74971,-44.79389,-63.464077,nan,nan,-59.182037
nan,-59.150726,-44.762074,-44.75585,-44.706814,-44.804226,-63.27947,nan,nan,-59.169437
nan,-59.135967,-44.760937,-44.779537,-44.7595,-44.769142,-63.147087,nan,nan,-59.169415
nan,-59.15837,-44.780197,-44.78318,-44.78293,-44.79196,-63.15072,nan,nan,-59.182907
nan,-59.169758,-44.78436,-44.78087,-44.768017,-44.727875,-63.19062,nan,nan,-59.176476
nan,-59.14768,-44.751865,-44.776043,-44.781853,-44.795074,-62.9446,nan,nan,-59.19315
nan,-59.12811,-44.775116,-44.761047,-44.742928,-44.77925,-62.895912,nan,nan,-59.200127
nan,-59.14436,-44.790913,-44.746117,-44.773445,-44.79068,-62.67808,nan,nan,-59.188797
nan,-59.14032,-44.79496,-44.8043,-44.783405,-44.764717,-62.987293,nan,nan,-59.17465
nan,-59.15728,-44.766487,-44.752266,-44.75196,-44.761497,-62.39231,nan,nan,-59.182102
nan,-59.155575,-44.78543,-44.786495,-44.759853,-44.762077,-62.48292,nan,nan,-59.16664
nan,-59.148495,-44.766827,-44.79179,-44.743275,-44.80343,-62.15063,nan,nan,-59.17528
nan,-59.141743,-44.7546,-44.76449,-44.766113,-44.760143,-61.829777,nan,nan,-59.183586
nan,-59.13993,-44.75897,-44.775814,-44.790905,-44.729416,-61.778316,nan,nan,-59.186962
nan,-59.13927,-44.771454,-44.806984,-44.78195,-44.78801,-61.65252,nan,nan,-59.163345
nan,-59.150158,-44.752556,-44.7632,-44.74924,-44.78725,-61.483936,nan,nan,-59.16071
nan,-59.159576,-44.77948,-44.755833,-44.776627,-44.75774,-61.494663,nan,nan,-59.16408
nan,-59.142338,-44.763256,-44.76329,-44.763813,-44.777454,-61.106422,nan,nan,-59.177376
nan,-59.150673,-44.748634,-44.75279,-44.782898,-44.76063,-61.0849,nan,nan,-59.169655
nan,-59.13271,-44.755,-44.74336,-44.750744,-44.736958,-60.94508,nan,nan,-59.15579
nan,-59.139706,-44.769264,-44.808598,-44.753727,-44.757347,-60.90317,nan,nan,-59.17346
nan,-59.1436,-44.77162,-44.754276,-44.775124,-44.784084,-61.038292,nan,nan,-59.16026
nan,-59.145172,-44.781925,-44.708225,-44.7786,-44.77401,-61.00919,nan,nan,-59.15175
nan,-59.14464,-44.760788,-44.75911,-44.795547,-44.792812,-60.967445,nan,nan,-59.15685
nan,-59.14974,-44.765152,-44.75483,-44.726322,-44.771507,-61.129654,nan,nan,-59.155357
nan,-59.146755,-44.759434,-44.784,-44.784477,-44.752075,-60.993595,nan,nan,-59.15079
nan,-59.13785,-44.750404,-44.74892,-44.78477,-44.768467,-60.786892,nan,nan,-59.13481
nan,-59.132275,-44.76982,-44.791412,-44.76532,-44.763172,-60.79857,nan,nan,-59.162964
nan,-59.158524,-44.73368,-44.76004,-44.74944,-44.739742,-60.872833,nan,nan,-59.144558
nan,-59.153107,-44.779938,-44.749836,-44.761612,-44.77686,-61.065327,nan,nan,-59.161762
nan,-59.156033,-44.81537,-44.751858,-44.7964,-44.766514,-60.957283,nan,nan,-59.17201
nan,-59.140816,-44.735462,-44.748085,-44.78005,-44.765392,-61.152687,nan,nan,-59.15176
nan,-59.126293,-44.75936,-44.820095,-44.780704,-44.754494,-61.27766,nan,nan,-59.144955
nan,-59.125275,-44.752937,-44.73654,-44.774994,-44.769173,-61.274853,nan,nan,-59.156258
nan,-59.148144,-44.765114,-44.788727,-44.75748,-44.76142,-61.379086,nan,nan,-59.16362
nan,-59.142773,-44.788548,-44.756588,-44.750633,-44.73227,-61.11928,nan,nan,-59.158703
nan,-59.132324,-44.767944,-44.77403,-44.756393,-44.79437,-60.854015,nan,nan,-59.156483
nan,-59.14247,-44.7612,-44.769947,-44.74649,-44.785995,-60.93139,nan,nan,-59.155983
nan,-59.143986,-44.772373,-44.768024,-44.771797,-44.755997,-61.056564,nan,nan,-59.15103
nan,-59.1267,-44.79379,-44.77672,-44.75966,-44.79449,-60.889656,nan,nan,-59.130257
nan,-59.150547,-44.735077,-44.766064,-44.77643,-44.769753,-60.72089,nan,nan,-59.1489
nan,-59.14943,-44.764725,-44.74325,-44.763165,-44.77905,-60.8247,nan,nan,-59.15185
nan,-59.14236,-44.77033,-44.76691,-44.741093,-44.773186,-60.814766,nan,nan,-59.154533
nan,-59.147045,-44.760983,-44.737206,-44.747074,-44.786186,-60.823994,nan,nan,-59.134796
nan,-59.143597,-44.76257,-44.75989,-44.750088,-44.76372,-60.9113,nan,nan,-59.167023
nan,-59.163284,-44.76746,-44.75561,-44.765846,-44.756004,-60.94492,nan,nan,-59.16448
nan,-59.13993,-44.769863,-44.768703,-44.742935,-44.76235,-60.876728,nan,nan,-59.147644
nan,-59.14916,-44.77131,-44.76085,-44.753403,-44.775227,-60.959366,nan,nan,-59.168972
nan,-59.142303,-44.73909,-44.761772,-44.774796,-44.795624,-60.72689,nan,nan,-59.139843
nan,-59.150116,-44.780743,-44.788048,-44.765503,-44.781548,-60.650864,nan,nan,-59.142296
nan,-59.158924,-44.77259,-44.743603,-44.753227,-44.777527,-60.51239,nan,nan,-59.167854
nan,-59.14182,-44.783195,-44.753353,-44.749973,-44.7817,-60.274235,nan,nan,-59.16482
nan,-59.15313,-44.773766,-44.77738,-44.75979,-44.785225,-60.230026,nan,nan,-59.146767
nan,-59.14262,-44.77307,-44.753197,-44.74892,-44.782608,-60.12596,nan,nan,-59.147858
nan,-59.150936,-44.81153,-44.749912,-44.763405,-44.805313,-59.932743,nan,nan,-59.149532
nan,-59.15467,-44.772392,-44.75728,-44.74356,-44.758915,-59.86978,nan,nan,-59.15016
nan,-59.161903,-44.7679,-44.770985,-44.746227,-44.733753,-59.89621,nan,nan,-59.15675
nan,-59.157444,-44.768547,-44.751938,-44.75026,-44.76512,-59.789467,nan,nan,-59.16468
nan,-59.148407,-44.7718,-44.747547,-44.753185,-44.773926,-59.733215,nan,nan,-59.151134
nan,-59.13771,-44.75189,-44.73468,-44.757843,-44.796913,-59.67924,nan,nan,-59.149414
nan,-59.153816,-44.779194,-44.75701,-44.77468,-44.757847,-59.581295,nan,nan,-59.148815
nan,-59.14003,-44.7485,-44.799118,-44.7411,-44.771538,-59.555332,nan,nan,-59.1388
nan,-59.129486,-44.728268,-44.78246,-44.719696,-44.78926,-59.562473,nan,nan,-59.152687
nan,-59.14387,-44.722775,-44.7552,-44.815235,-44.75732,-59.558014,nan,nan,-59.15539
nan,-59.157734,-44.787384,-44.798676,-44.747993,-44.739994,-59.558937,nan,nan,-59.151993
nan,-59.131744,-44.753494,-44.764908,-44.749714,-44.75287,-59.5394,nan,nan,-59.15212
nan,-59.14921,-44.745365,-44.758587,-44.82576,-44.76892,-59.569405,nan,nan,-59.140587
nan,-59.15075,-44.763756,-44.7657,-44.78015,-44.783337,-59.57535,nan,nan,-59.14826
nan,-59.141857,-44.74838,-44.776768,-44.767414,-44.795376,-59.55912,nan,nan,-59.141705
nan,-59.13879,-44.752647,-44.758236,-44.747845,-44.74625,-59.579506,nan,nan,-59.159878
nan,-59.145405,-44.75715,-44.780666,-44.80331,-44.769455,-59.621925,nan,nan,-59.14563
nan,-59.139805,-44.776928,-44.742264,-44.7773,-44.7643,-59.52903,nan,nan,-59.159218
nan,-59.146736,-44.745697,-44.78639,-44.778217,-44.75672,-59.470085,nan,nan,-59.141556
nan,-59.140697,-44.743908,-44.774303,-44.79179,-44.780537,-59.514595,nan,nan,-59.141815
nan,-59.14789,-44.746933,-44.80621,-44.77228,-44.792507,-59.584175,nan,nan,-59.152702
nan,-59.14936,-44.75296,-44.763695,-44.71503,-44.72321,-59.488556,nan,nan,-59.158222
nan,-59.1457,-44.75665,-44.773415,-44.798576,-44.771057,-59.42714,nan,nan,-59.14681
